k   ID_i   x  y  width  height
					
					
1	1	145.39	71.497	323.09	255.18
2	1	145.98	71.653	322.28	255.02
3	1	146.58	71.809	321.47	254.87
4	1	147.17	71.964	320.65	254.71
5	1	147.76	72.12	319.84	254.55
6	1	148.35	72.276	319.03	254.4
7	1	148.95	72.432	318.22	254.24
8	1	149.54	72.588	317.41	254.09
9	1	150.13	72.744	316.6	253.93
10	1	150.72	72.9	315.79	253.77
11	1	151.31	73.056	314.98	253.62
12	1	151.91	73.212	314.17	253.46
13	1	152.5	73.368	313.36	253.31
14	1	153.09	73.523	312.55	253.15
15	1	153.68	73.679	311.74	252.99
16	1	154.28	73.835	310.93	252.84
17	1	154.87	73.991	310.12	252.68
18	1	155.46	74.147	309.31	252.53
19	1	156.05	74.303	308.49	252.37
20	1	156.65	74.459	307.68	252.21
21	1	157.24	74.615	306.87	252.06
22	1	157.83	74.771	306.06	251.9
23	1	158.42	74.927	305.25	251.75
24	1	159.02	75.082	304.44	251.59
25	1	159.61	75.238	303.63	251.44
26	1	160.2	75.394	302.82	251.28
27	1	160.79	75.55	302.01	251.12
28	1	161.39	75.706	301.2	250.97
29	1	161.98	75.862	300.39	250.81
30	1	162.57	76.018	299.58	250.66
31	1	163.16	76.174	298.77	250.5
32	1	163.76	76.33	297.96	250.34
33	1	164.35	76.486	297.15	250.19
34	1	164.94	76.641	296.33	250.03
35	1	165.53	76.797	295.52	249.88
36	1	166.13	76.953	294.71	249.72
37	1	166.72	77.109	293.9	249.56
38	1	167.31	77.265	293.09	249.41
39	1	167.9	77.421	292.28	249.25
40	1	168.5	77.577	291.47	249.1
41	1	169.09	77.733	290.66	248.94
42	1	169.68	77.889	289.85	248.78
43	1	170.27	78.045	289.04	248.63
44	1	170.86	78.2	288.23	248.47
45	1	171.46	78.356	287.42	248.32
46	1	172.05	78.512	286.61	248.16
47	1	172.64	78.668	285.8	248.01
48	1	173.23	78.824	284.98	247.85
49	1	173.83	78.98	284.17	247.69
50	1	174.42	79.136	283.36	247.54
51	1	175.01	79.292	282.55	247.38
52	1	175.6	79.448	281.74	247.23
53	1	176.2	79.604	280.93	247.07
54	1	176.79	79.759	280.12	246.91
55	1	177.38	79.915	279.31	246.76
56	1	177.97	80.071	278.5	246.6
57	1	178.57	80.227	277.69	246.45
58	1	179.16	80.383	276.88	246.29
59	1	179.75	80.539	276.07	246.13
60	1	180.34	80.695	275.26	245.98
61	1	180.94	80.851	274.45	245.82
62	1	181.53	81.007	273.64	245.67
63	1	182.12	81.163	272.82	245.51
64	1	182.71	81.318	272.01	245.36
65	1	183.31	81.474	271.2	245.2
66	1	183.9	81.63	270.39	245.04
67	1	184.49	81.786	269.58	244.89
68	1	184.49	81.786	269.58	244.7
69	1	184.49	81.786	269.58	244.5
70	1	184.49	81.786	269.58	244.31
71	1	184.49	81.786	269.58	244.12
72	1	184.49	81.786	269.58	243.93
73	1	184.49	81.786	269.58	243.74
74	1	184.49	81.786	269.58	243.55
75	1	184.49	81.786	269.58	243.36
76	1	184.49	81.786	269.58	243.16
77	1	184.49	81.786	269.58	242.97
78	1	184.49	81.786	269.58	242.78
79	1	184.49	81.786	269.58	242.59
80	1	184.49	81.786	269.58	242.4
81	1	184.49	81.786	269.58	242.21
82	1	184.49	81.786	269.58	242.02
83	1	184.49	81.786	269.58	241.82
84	1	184.49	81.786	269.58	241.63
85	1	184.49	81.786	269.58	241.44
86	1	184.49	81.786	269.58	241.25
87	1	184.49	81.786	269.58	241.06
88	1	184.49	81.786	269.58	240.87
89	1	184.49	81.786	269.58	240.68
90	1	184.49	81.786	269.58	240.48
91	1	184.49	81.786	269.58	240.29
92	1	184.49	81.786	269.58	240.1
93	1	184.49	81.786	269.58	239.91
94	1	184.49	81.786	269.58	239.72
95	1	184.49	81.786	269.58	239.53
96	1	184.49	81.786	269.58	239.34
97	1	184.49	81.786	269.58	239.14
98	1	184.49	81.786	269.58	238.95
99	1	184.49	81.786	269.58	238.76
100	1	184.49	81.786	269.58	238.57
101	1	184.49	81.786	269.58	238.38
102	1	184.49	81.786	269.58	238.19
103	1	184.49	81.786	269.58	238
104	1	184.49	81.786	269.58	237.8
105	1	184.49	81.786	269.58	237.61
106	1	184.49	81.786	269.58	237.42
107	1	184.49	81.786	269.58	237.23
108	1	184.49	81.786	269.58	237.04
109	1	184.49	81.786	269.58	236.85
110	1	184.49	81.786	269.58	236.66
111	1	184.49	82.207	269.44	236.05
112	1	184.49	82.628	269.3	235.44
113	1	184.49	83.049	269.16	234.83
114	1	184.49	83.47	269.02	234.22
115	1	184.49	83.891	268.88	233.62
116	1	184.49	84.312	268.74	233.01
117	1	184.49	84.733	268.6	232.4
118	1	184.49	85.154	268.46	231.79
119	1	184.49	85.575	268.32	231.18
120	1	184.49	85.995	268.18	230.58
121	1	184.49	86.416	268.04	229.97
122	1	184.49	86.837	267.9	229.36
123	1	184.49	87.258	267.76	228.75
124	1	184.49	87.679	267.62	228.14
125	1	184.49	88.1	267.48	227.54
126	1	184.49	88.521	267.34	226.93
127	1	184.49	88.942	267.2	226.32
128	1	184.49	89.363	267.06	225.71
129	1	184.49	89.784	266.92	225.1
130	1	184.49	90.205	266.78	224.5
131	1	184.49	90.626	266.64	223.89
132	1	184.49	91.047	266.5	223.28
133	1	184.49	91.468	266.35	222.67
134	1	184.49	91.888	266.21	222.06
135	1	184.49	92.309	266.07	221.46
136	1	184.49	92.73	265.93	220.85
137	1	184.49	93.151	265.79	220.24
138	1	184.49	93.572	265.65	219.63
139	1	184.49	93.993	265.51	219.02
140	1	184.49	94.414	265.37	218.42
141	1	184.49	94.835	265.23	217.81
142	1	184.49	95.256	265.09	217.2
143	1	184.49	95.677	264.95	216.59
144	1	184.49	96.098	264.81	215.98
145	1	184.49	96.519	264.67	215.38
146	1	184.49	96.94	264.53	214.77
147	1	184.49	97.361	264.39	214.16
148	1	184.49	97.781	264.25	213.55
149	1	184.49	98.202	264.11	212.94
150	1	184.49	98.623	263.97	212.34
151	1	184.49	99.044	263.83	211.73
152	1	184.49	99.465	263.69	211.12
153	1	184.49	99.886	263.55	210.51
154	1	184.49	100.31	263.41	209.9
155	1	184.94	100.31	262.63	209.35
156	1	185.38	100.31	261.85	208.79
157	1	185.83	100.31	261.07	208.23
158	1	186.27	100.31	260.29	207.68
159	1	186.72	100.31	259.52	207.12
160	1	187.16	100.31	258.74	206.57
161	1	187.6	100.31	257.96	206.01
162	1	188.05	100.31	257.18	205.45
163	1	188.49	100.31	256.4	204.9
164	1	188.94	100.31	255.62	204.34
165	1	189.38	100.31	254.84	203.79
166	1	189.83	100.31	254.06	203.23
167	1	190.27	100.31	253.29	202.67
168	1	190.72	100.31	252.51	202.12
169	1	191.16	100.31	251.73	201.56
170	1	191.61	100.31	250.95	201
171	1	192.05	100.31	250.17	200.45
172	1	192.5	100.31	249.39	199.89
173	1	192.94	100.31	248.61	199.34
174	1	193.39	100.31	247.84	198.78
175	1	193.83	100.31	247.06	198.22
176	1	194.28	100.31	246.28	197.67
177	1	194.72	100.31	245.5	197.11
178	1	195.17	100.31	244.72	196.56
179	1	195.61	100.31	243.94	196
180	1	196.06	100.31	243.16	195.44
181	1	196.5	100.31	242.38	194.89
182	1	196.95	100.31	241.61	194.33
183	1	197.39	100.31	240.83	193.77
184	1	197.84	100.31	240.05	193.22
185	1	198.28	100.31	239.27	192.66
186	1	198.73	100.31	238.49	192.11
187	1	199.17	100.31	237.71	191.55
188	1	199.62	100.31	236.93	190.99
189	1	200.06	100.31	236.16	190.44
190	1	200.51	100.31	235.38	189.88
191	1	200.95	100.31	234.6	189.32
192	1	201.45	100.62	234.1	188.93
193	1	201.96	100.94	233.6	188.53
194	1	202.46	101.26	233.09	188.14
195	1	202.96	101.57	232.59	187.74
196	1	203.46	101.89	232.09	187.35
197	1	203.96	102.21	231.59	186.95
198	1	204.46	102.52	231.09	186.55
199	1	204.96	102.84	230.59	186.16
200	1	205.46	103.16	230.09	185.76
201	1	205.97	103.47	229.59	185.37
202	1	206.47	103.79	229.08	184.97
203	1	206.97	104.11	228.58	184.58
204	1	207.47	104.42	228.08	184.18
205	1	207.97	104.74	227.58	183.78
206	1	208.47	105.06	227.08	183.39
207	1	208.97	105.37	226.58	182.99
208	1	209.48	105.69	226.08	182.6
209	1	209.98	106.01	225.58	182.2
210	1	210.48	106.32	225.07	181.81
211	1	210.98	106.64	224.57	181.41
212	1	211.48	106.96	224.07	181.01
213	1	211.98	107.27	223.57	180.62
214	1	212.48	107.59	223.07	180.22
215	1	212.98	107.91	222.57	179.83
216	1	213.49	108.22	222.07	179.43
217	1	213.99	108.54	221.56	179.04
218	1	214.49	108.86	221.06	178.64
219	1	214.99	109.17	220.56	178.24
220	1	215.49	109.49	220.06	177.85
221	1	215.99	109.8	219.56	177.45
222	1	216.49	110.12	219.06	177.06
223	1	216.99	110.44	218.56	176.66
224	1	217.5	110.75	218.06	176.27
225	1	218	111.07	217.55	175.87
226	1	218.5	111.39	217.05	175.47
227	1	219	111.7	216.55	175.08
228	1	219.5	112.02	216.05	174.68
229	1	220	112.34	215.55	174.29
230	1	220.5	112.65	215.05	173.89
231	1	221	112.97	214.55	173.49
232	1	221.51	113.29	214.05	173.1
233	1	222.01	113.6	213.54	172.7
234	1	222.51	113.92	213.04	172.31
235	1	223.01	114.24	212.54	171.91
236	1	223.51	114.55	212.04	171.52
237	1	224.01	114.87	211.54	171.12
238	1	224.51	115.19	211.04	170.72
239	1	225.01	115.5	210.54	170.33
240	1	225.52	115.82	210.04	169.93
241	1	226.02	116.14	209.53	169.54
242	1	226.52	116.45	209.03	169.14
243	1	227.02	116.77	208.53	168.75
244	1	227.52	117.09	208.03	168.35
245	1	228.02	117.4	207.53	167.95
246	1	228.52	117.72	207.03	167.56
247	1	229.02	118.04	206.53	167.16
248	1	229.53	118.35	206.03	166.77
249	1	230.03	118.67	205.52	166.37
250	1	230.53	118.99	205.02	165.98
251	1	231.03	119.3	204.52	165.58
252	1	231.53	119.62	204.02	165.18
253	1	232.03	119.94	203.52	164.79
254	1	232.53	120.25	203.02	164.39
255	1	233.04	120.57	202.52	164
256	1	233.54	120.89	202.02	163.6
257	1	234.04	121.2	201.51	163.21
258	1	234.54	121.52	201.01	162.81
259	1	235.04	121.84	200.51	162.41
260	1	235.54	122.15	200.01	162.02
261	1	236.04	122.47	199.51	161.62
262	1	236.54	122.79	199.01	161.23
263	1	237.05	123.1	198.51	160.83
264	1	237.55	123.42	198	160.44
265	1	238.05	123.74	197.5	160.04
266	1	238.55	124.05	197	159.64
267	1	239.05	124.37	196.5	159.25
268	1	239.55	124.69	196	158.85
269	1	240.05	125	195.5	158.46
270	1	239.88	124.83	195.5	158.46
271	1	239.71	124.66	195.5	158.46
272	1	239.54	124.49	195.5	158.46
273	1	239.37	124.32	195.5	158.46
274	1	239.2	124.14	195.5	158.46
275	1	239.02	123.97	195.5	158.46
276	1	238.85	123.8	195.5	158.46
277	1	238.68	123.63	195.5	158.46
278	1	238.51	123.46	195.5	158.46
279	1	238.34	123.29	195.5	158.46
280	1	238.17	123.12	195.5	158.46
281	1	238	122.94	195.5	158.46
282	1	237.82	122.77	195.5	158.46
283	1	237.65	122.6	195.5	158.46
284	1	237.48	122.43	195.5	158.46
285	1	237.31	122.26	195.5	158.46
286	1	237.14	122.09	195.5	158.46
287	1	236.97	121.91	195.5	158.46
288	1	236.79	121.74	195.5	158.46
289	1	236.62	121.57	195.5	158.46
290	1	236.45	121.4	195.5	158.46
291	1	236.28	121.23	195.5	158.46
292	1	236.11	121.06	195.5	158.46
293	1	235.94	120.89	195.5	158.46
294	1	235.77	120.71	195.5	158.46
295	1	235.59	120.54	195.5	158.46
296	1	235.42	120.37	195.5	158.46
297	1	235.25	120.2	195.5	158.46
298	1	235.08	120.03	195.5	158.46
299	1	234.91	119.86	195.5	158.46
300	1	234.74	119.69	195.5	158.46
301	1	234.57	119.51	195.5	158.46
302	1	234.39	119.34	195.5	158.46
303	1	234.22	119.17	195.5	158.46
304	1	234.05	119	195.5	158.46
305	1	233.88	118.83	195.5	158.46
306	1	233.15	118.43	195.5	158.46
307	1	232.42	118.03	195.5	158.46
308	1	231.69	117.63	195.5	158.46
309	1	230.96	117.23	195.5	158.46
310	1	230.23	116.84	195.5	158.46
311	1	229.5	116.44	195.5	158.46
312	1	228.77	116.04	195.5	158.46
313	1	228.04	115.64	195.5	158.46
314	1	227.31	115.24	195.5	158.46
315	1	226.58	114.84	195.5	158.46
316	1	225.85	114.45	195.5	158.46
317	1	225.12	114.05	195.5	158.46
318	1	224.39	113.65	195.5	158.46
319	1	223.66	113.25	195.5	158.46
320	1	222.93	112.85	195.5	158.46
321	1	222.2	112.46	195.5	158.46
322	1	221.47	112.06	195.5	158.46
323	1	220.74	111.66	195.5	158.46
324	1	220.01	111.26	195.5	158.46
325	1	219.28	110.86	195.5	158.46
326	1	218.54	110.46	195.5	158.46
327	1	217.81	110.07	195.5	158.46
328	1	217.08	109.67	195.5	158.46
329	1	216.35	109.27	195.5	158.46
330	1	215.62	108.87	195.5	158.46
331	1	214.89	108.47	195.5	158.46
332	1	214.16	108.07	195.5	158.46
333	1	213.43	107.68	195.5	158.46
334	1	212.7	107.28	195.5	158.46
335	1	211.97	106.88	195.5	158.46
336	1	211.24	106.48	195.5	158.46
337	1	211.24	106.48	195.5	158.3
338	1	211.24	106.48	195.5	158.15
339	1	211.24	106.48	195.5	158
340	1	211.24	106.48	195.5	157.85
341	1	211.24	106.48	195.5	157.69
342	1	211.24	106.48	195.5	157.54
343	1	211.24	106.48	195.5	157.39
344	1	211.24	106.48	195.5	157.24
345	1	211.24	106.48	195.5	157.08
346	1	211.24	106.48	195.5	156.93
347	1	211.24	106.48	195.5	156.78
348	1	211.24	106.48	195.5	156.63
349	1	211.24	106.48	195.5	156.47
350	1	211.24	106.48	195.5	156.32
351	1	211.24	106.48	195.5	156.17
352	1	211.24	106.48	195.5	156.02
353	1	211.24	106.48	195.5	155.87
354	1	211.24	106.48	195.5	155.71
355	1	211.24	106.48	195.5	155.56
356	1	211.24	106.48	195.5	155.41
357	1	211.24	106.48	195.5	155.26
358	1	211.24	106.48	195.5	155.1
359	1	211.24	106.48	195.5	154.95
360	1	211.24	106.48	195.5	154.8
361	1	211.24	106.48	195.5	154.65
362	1	211.24	106.48	195.5	154.49
363	1	211.24	106.48	195.5	154.34
364	1	211.24	106.48	195.5	154.19
365	1	211.24	106.48	195.5	154.04
366	1	211.24	106.48	195.5	153.88
367	1	211.24	106.48	195.5	153.73
368	1	211.24	106.48	195.5	153.58
369	1	211.24	106.48	195.5	153.43
370	1	211.24	106.48	195.5	153.27
371	1	211.24	106.48	195.5	153.12
372	1	211.24	106.48	195.5	152.97
373	1	211.24	106.48	195.5	152.82
374	1	211.24	106.48	195.5	152.66
375	1	211.24	106.48	195.5	152.51
376	1	211.24	106.48	195.5	152.36
377	1	211.24	106.48	195.5	152.21
378	1	211.24	106.48	195.5	152.05
379	1	211.24	106.48	195.5	151.9
380	1	211.24	106.48	195.5	151.75
381	1	211.24	106.48	195.5	151.6
382	1	211.24	106.48	195.5	151.44
383	1	211.24	106.48	195.5	151.29
384	1	211.24	106.48	195.5	151.14
385	1	211.24	106.48	195.5	150.99
386	1	211.24	106.48	195.5	150.83
387	1	211.24	106.48	195.5	150.68
388	1	211.24	106.48	195.5	150.53
389	1	211.24	106.48	195.5	150.38
390	1	211.24	106.48	195.5	150.23
391	1	211.24	106.48	195.5	150.07
392	1	211.24	106.48	195.5	149.92
393	1	211.24	106.48	195.5	149.77
394	1	211.24	106.48	195.5	149.62
395	1	211.24	106.48	195.5	149.46
396	1	211.24	106.48	195.5	149.31
397	1	211.24	106.48	195.5	149.16
398	1	211.24	106.48	195.5	149.01
399	1	211.24	106.48	195.5	148.85
400	1	211.24	106.48	195.5	148.7
401	1	211.24	106.48	195.5	148.55
402	1	211.24	106.48	195.5	148.4
403	1	211.24	106.48	195.5	148.24
404	1	211.24	106.48	195.5	148.09
405	1	211.24	106.48	195.5	147.94
406	1	211.24	106.48	195.5	147.79
407	1	211.24	106.48	195.5	147.63
408	1	211.24	106.48	195.5	147.48
409	1	211.24	106.48	195.5	147.33
410	1	211.24	106.48	195.5	147.18
411	1	211.24	106.48	195.5	147.02
412	1	211.24	106.48	195.5	146.87
413	1	211.24	106.48	195.5	146.72
414	1	211.24	106.48	195.5	146.57
415	1	211.24	106.48	195.5	146.41
416	1	211.24	106.48	195.5	146.26
417	1	211.24	106.48	195.5	146.11
418	1	211.24	106.48	195.5	145.96
419	1	211.24	106.48	195.5	145.8
420	1	211.24	106.48	195.5	145.65
421	1	211.24	106.48	195.5	145.5
422	1	211.24	106.48	195.5	145.35
423	1	211.24	106.48	195.5	145.19
424	1	211.24	106.48	195.5	145.04
425	1	211.24	106.48	195.5	144.89
426	1	211.24	106.48	195.5	144.74
427	1	211.24	106.48	195.5	144.58
428	1	211.24	106.48	195.5	144.43
429	1	211.24	106.48	195.5	144.28
430	1	211.24	106.48	195.5	144.13
431	1	211.24	106.48	195.5	143.98
432	1	211.24	106.48	195.5	143.82
433	1	211.24	106.48	195.5	143.67
434	1	211.24	106.48	195.5	143.52
435	1	211.24	106.48	195.5	143.37
436	1	211.24	106.48	195.5	143.21
437	1	211.24	106.48	195.5	143.06
438	1	211.24	106.48	195.5	142.91
439	1	211.24	106.48	195.5	142.76
440	1	211.24	106.48	195.5	142.6
441	1	211.24	106.48	195.5	142.45
442	1	211.24	106.48	195.5	142.3
443	1	211.24	106.48	195.5	142.15
444	1	211.24	106.48	195.5	141.99
445	1	211.18	106.48	195.56	141.99
446	1	211.12	106.48	195.62	141.99
447	1	211.06	106.48	195.68	141.99
448	1	211	106.48	195.74	141.99
449	1	210.94	106.48	195.8	141.99
450	1	210.88	106.48	195.86	141.99
451	1	210.82	106.48	195.92	141.99
452	1	210.76	106.48	195.98	141.99
453	1	210.7	106.48	196.04	141.99
454	1	210.64	106.48	196.1	141.99
455	1	210.58	106.48	196.16	141.99
456	1	210.52	106.48	196.22	141.99
457	1	210.46	106.48	196.28	141.99
458	1	210.4	106.48	196.34	141.99
459	1	210.34	106.48	196.4	141.99
460	1	210.28	106.48	196.46	141.99
461	1	210.22	106.48	196.52	141.99
462	1	210.16	106.48	196.58	141.99
463	1	210.1	106.48	196.64	141.99
464	1	210.04	106.48	196.7	141.99
465	1	209.98	106.48	196.76	141.99
466	1	209.92	106.48	196.82	141.99
467	1	209.86	106.48	196.88	141.99
468	1	209.8	106.48	196.94	141.99
469	1	209.74	106.48	197	141.99
470	1	209.68	106.48	197.06	141.99
471	1	209.62	106.48	197.12	141.99
472	1	209.56	106.48	197.18	141.99
473	1	209.5	106.48	197.24	141.99
474	1	209.44	106.48	197.3	141.99
475	1	209.38	106.48	197.36	141.99
476	1	209.32	106.48	197.42	141.99
477	1	209.26	106.48	197.48	141.99
478	1	209.2	106.48	197.54	141.99
479	1	209.14	106.48	197.6	141.99
480	1	209.08	106.48	197.66	141.99
481	1	209.02	106.48	197.72	141.99
482	1	208.96	106.48	197.78	141.99
483	1	208.9	106.48	197.84	141.99
484	1	208.84	106.48	197.9	141.99
485	1	208.78	106.48	197.96	141.99
486	1	208.72	106.48	198.02	141.99
487	1	208.66	106.48	198.08	141.99
488	1	208.6	106.48	198.14	141.99
489	1	208.54	106.48	198.2	141.99
490	1	208.48	106.48	198.26	141.99
491	1	208.42	106.48	198.32	141.99
492	1	208.36	106.48	198.38	141.99
493	1	208.3	106.48	198.44	141.99
494	1	208.24	106.48	198.5	141.99
495	1	208.18	106.48	198.56	141.99
496	1	208.12	106.48	198.62	141.99
497	1	208.06	106.48	198.68	141.99
498	1	208	106.48	198.74	141.99
499	1	207.94	106.48	198.8	141.99
500	1	207.88	106.48	198.86	141.99
501	1	207.82	106.48	198.92	141.99
502	1	207.76	106.48	198.98	141.99
503	1	207.7	106.48	199.04	141.99
504	1	207.64	106.48	199.1	141.99
505	1	207.58	106.48	199.16	141.99
506	1	207.52	106.48	199.22	141.99
507	1	207.46	106.48	199.28	141.99
508	1	207.4	106.48	199.34	141.99
509	1	207.34	106.48	199.4	141.99
510	1	207.28	106.48	199.46	141.99
511	1	207.22	106.48	199.52	141.99
512	1	207.16	106.48	199.58	141.99
513	1	207.1	106.48	199.64	141.99
514	1	207.04	106.48	199.7	141.99
515	1	206.98	106.48	199.76	141.99
516	1	206.92	106.48	199.82	141.99
517	1	206.86	106.48	199.88	141.99
518	1	206.8	106.48	199.94	141.99
519	1	206.74	106.48	200	141.99
520	1	206.68	106.48	200.06	141.99
521	1	206.62	106.48	200.12	141.99
522	1	206.56	106.48	200.18	141.99
523	1	206.5	106.48	200.25	141.99
524	1	206.44	106.48	200.31	141.99
525	1	206.38	106.48	200.37	141.99
526	1	206.32	106.48	200.43	141.99
527	1	206.26	106.48	200.49	141.99
528	1	206.2	106.48	200.55	141.99
529	1	206.14	106.48	200.61	141.99
530	1	206.08	106.48	200.67	141.99
531	1	206.02	106.48	200.73	141.99
532	1	205.96	106.48	200.79	141.99
533	1	205.9	106.48	200.85	141.99
534	1	205.84	106.48	200.91	141.99
535	1	205.78	106.48	200.97	141.99
536	1	205.72	106.48	201.03	141.99
537	1	205.65	106.48	201.09	141.99
538	1	205.59	106.48	201.15	141.99
539	1	205.53	106.48	201.21	141.99
540	1	205.47	106.48	201.27	141.99
541	1	205.41	106.48	201.33	141.99
542	1	205.35	106.48	201.39	141.99
543	1	205.29	106.48	201.45	141.99
544	1	205.23	106.48	201.51	141.99
545	1	205.17	106.48	201.57	141.99
546	1	205.11	106.48	201.63	141.99
547	1	205.05	106.48	201.69	141.99
548	1	204.99	106.48	201.75	141.99
549	1	204.93	106.48	201.81	141.99
550	1	204.87	106.48	201.87	141.99
551	1	204.81	106.48	201.93	141.99
552	1	204.75	106.48	201.99	141.99
553	1	204.69	106.48	202.05	141.99
554	1	204.63	106.48	202.11	141.99
555	1	204.57	106.48	202.17	141.99
556	1	204.51	106.48	202.23	141.99
557	1	204.45	106.48	202.29	141.99
558	1	204.39	106.48	202.35	141.99
559	1	204.33	106.48	202.41	141.99
560	1	204.27	106.48	202.47	141.99
561	1	204.21	106.48	202.53	141.99
562	1	204.15	106.48	202.59	141.99
563	1	204.09	106.48	202.65	141.99
564	1	204.03	106.48	202.71	141.99
565	1	203.97	106.48	202.77	141.99
566	1	203.91	106.48	202.83	141.99
567	1	203.85	106.48	202.89	141.99
568	1	203.79	106.48	202.95	141.99
569	1	203.73	106.48	203.01	141.99
570	1	203.67	106.48	203.07	141.99
571	1	203.61	106.48	203.13	141.99
572	1	203.55	106.48	203.19	141.99
573	1	203.49	106.48	203.25	141.99
574	1	203.43	106.48	203.31	141.99
575	1	203.37	106.48	203.37	141.99
576	1	203.31	106.48	203.43	141.99
577	1	203.25	106.48	203.49	141.99
578	1	203.19	106.48	203.55	141.99
579	1	203.13	106.48	203.61	141.99
580	1	203.07	106.48	203.67	141.99
581	1	203.01	106.48	203.73	141.99
582	1	203.01	106.48	204.72	141.99
583	1	203.01	106.48	205.71	141.99
584	1	203.01	106.48	206.7	141.99
585	1	203.01	106.48	207.69	141.99
586	1	203.01	106.48	208.68	141.99
587	1	203.01	106.48	209.67	141.99
588	1	203.01	106.48	210.67	141.99
589	1	203.01	106.48	211.66	141.99
590	1	203.01	106.48	212.65	141.99
591	1	203.01	106.48	213.64	141.99
592	1	203.01	106.48	214.63	141.99
593	1	203.01	106.48	215.62	141.99
594	1	203.01	106.48	216.61	141.99
595	1	203.01	106.48	217.6	141.99
596	1	203.01	106.48	218.59	141.99
597	1	203.01	106.48	219.58	141.99
598	1	203.01	106.48	220.57	141.99
599	1	203.01	106.48	221.56	141.99
600	1	203.01	106.48	222.56	141.99
601	1	203.01	106.48	223.55	141.99
602	1	203.01	106.48	224.54	141.99
603	1	203.01	106.48	225.53	141.99
604	1	203.01	106.48	226.52	141.99
605	1	203.01	106.48	227.51	141.99
606	1	203.01	106.48	228.5	141.99
607	1	203.01	106.48	229.49	141.99
608	1	203.01	106.48	230.48	141.99
609	1	203.01	106.48	230.48	141.61
610	1	203.01	106.48	230.48	141.22
611	1	203.01	106.48	230.48	140.84
612	1	203.01	106.48	230.48	140.45
613	1	203.01	106.48	230.48	140.06
614	1	203.01	106.48	230.48	139.68
615	1	203.01	106.48	230.48	139.29
616	1	203.01	106.48	230.48	138.91
617	1	203.01	106.48	230.48	138.52
618	1	203.01	106.48	230.48	138.14
619	1	203.01	106.48	230.48	137.75
620	1	203.01	106.48	230.48	137.36
621	1	203.01	106.48	230.48	136.98
622	1	203.01	106.48	230.48	136.59
623	1	203.01	106.48	230.48	136.21
624	1	203.01	106.48	230.48	135.82
625	1	203.01	106.48	230.48	135.43
626	1	203.01	106.48	230.48	135.05
627	1	203.01	106.48	230.48	134.66
628	1	203.01	106.48	230.48	134.28
629	1	203.01	106.48	230.48	133.89
630	1	203.01	106.48	230.48	133.5
631	1	203.01	106.48	230.48	133.12
632	1	203.01	106.48	230.48	132.73
633	1	203.01	106.48	230.48	132.35
634	1	203.01	106.48	230.48	131.96
635	1	203.01	106.48	230.48	131.58
636	1	203.01	106.48	230.48	131.19
637	1	203.01	106.48	230.48	130.8
638	1	203.01	106.48	230.48	130.42
639	1	203.01	106.48	230.48	130.03
640	1	203.01	106.48	230.48	129.65
641	1	203.01	106.48	230.87	129.65
642	1	203.01	106.48	231.25	129.65
643	1	203.01	106.48	231.64	129.65
644	1	203.01	106.48	232.03	129.65
645	1	203.01	106.48	232.41	129.65
646	1	203.01	106.48	232.8	129.65
647	1	203.01	106.48	233.18	129.65
648	1	203.01	106.48	233.57	129.65
649	1	203.01	106.48	233.95	129.65
650	1	203.01	106.48	234.34	129.65
651	1	203.01	106.48	234.73	129.65
652	1	203.01	106.48	235.11	129.65
653	1	203.01	106.48	235.5	129.65
654	1	203.01	106.48	235.88	129.65
655	1	203.01	106.48	236.27	129.65
656	1	203.01	106.48	236.66	129.65
657	1	203.01	106.48	237.04	129.65
658	1	203.01	106.48	237.43	129.65
659	1	203.01	106.48	237.81	129.65
660	1	203.01	106.48	238.2	129.65
661	1	203.01	106.48	238.59	129.65
662	1	203.01	106.48	238.97	129.65
663	1	203.01	106.48	239.36	129.65
664	1	203.01	106.48	239.74	129.65
665	1	203.01	106.48	240.13	129.65
666	1	203.01	106.48	240.51	129.65
667	1	203.01	106.48	240.9	129.65
668	1	203.01	106.48	241.29	129.65
669	1	203.01	106.48	241.67	129.65
670	1	203.01	106.48	242.06	129.65
671	1	203.01	106.48	242.44	129.65
672	1	203.01	106.48	242.83	129.65
673	1	203.01	106.48	243.46	129.65
674	1	203.01	106.48	244.1	129.65
675	1	203.01	106.48	244.73	129.65
676	1	203.01	106.48	245.36	129.65
677	1	203.01	106.48	246	129.65
678	1	203.01	106.48	246.63	129.65
679	1	203.01	106.48	247.26	129.65
680	1	203.01	106.48	247.9	129.65
681	1	203.01	106.48	248.53	129.65
682	1	203.01	106.48	249.16	129.65
683	1	203.01	106.48	249.79	129.65
684	1	203.01	106.48	250.43	129.65
685	1	203.01	106.48	251.06	129.65
686	1	203.01	106.48	251.69	129.65
687	1	203.01	106.48	252.33	129.65
688	1	203.01	106.48	252.96	129.65
689	1	203.01	106.48	253.59	129.65
690	1	203.01	106.48	254.23	129.65
691	1	203.01	106.48	254.86	129.65
692	1	203.01	106.48	255.49	129.65
693	1	203.01	106.48	256.13	129.65
694	1	203.01	106.48	256.76	129.65
695	1	203.01	106.48	257.39	129.65
696	1	203.01	106.48	258.03	129.65
697	1	203.01	106.48	258.66	129.65
698	1	203.01	106.48	259.29	129.65
699	1	203.01	106.48	259.29	129.21
700	1	203.01	106.48	259.29	128.76
701	1	203.01	106.48	259.29	128.32
702	1	203.01	106.48	259.29	127.88
703	1	203.01	106.48	259.29	127.44
704	1	203.01	106.48	259.29	127
705	1	203.01	106.48	259.29	126.56
706	1	203.01	106.48	259.29	126.12
707	1	203.01	106.48	259.29	125.68
708	1	203.01	106.48	259.29	125.24
709	1	203.01	106.48	259.29	124.8
710	1	203.01	106.48	259.29	124.35
711	1	203.01	106.48	259.29	123.91
712	1	203.01	106.48	259.29	123.47
713	1	203.01	106.48	259.29	123.03
714	1	203.01	106.48	259.29	122.59
715	1	203.01	106.48	259.29	122.15
716	1	203.01	106.48	259.29	121.71
717	1	203.01	106.48	259.29	121.27
718	1	203.01	106.48	259.29	120.83
719	1	203.01	106.48	259.29	120.39
720	1	203.01	106.48	259.29	119.94
721	1	203.01	106.48	259.29	119.5
722	1	203.01	106.48	259.29	119.06
723	1	203.01	106.48	259.29	118.62
724	1	203.01	106.48	259.29	118.18
725	1	203.01	106.48	259.29	117.74
726	1	203.01	106.48	259.29	117.3
727	1	203.01	106.48	260.03	117.3
728	1	203.01	106.48	260.76	117.3
729	1	203.01	106.48	261.5	117.3
730	1	203.01	106.48	262.23	117.3
731	1	203.01	106.48	262.97	117.3
732	1	203.01	106.48	263.7	117.3
733	1	203.01	106.48	264.44	117.3
734	1	203.01	106.48	265.17	117.3
735	1	203.01	106.48	265.91	117.3
736	1	203.01	106.48	266.64	117.3
737	1	203.01	106.48	267.38	117.3
738	1	203.01	106.48	268.11	117.3
739	1	203.01	106.48	268.85	117.3
740	1	203.01	106.48	269.58	117.3
741	1	203.01	106.48	270.32	117.3
742	1	203.01	106.48	271.05	117.3
743	1	203.01	106.48	271.79	117.3
744	1	203.01	106.48	272.52	117.3
745	1	203.01	106.48	273.26	117.3
746	1	203.01	106.48	273.99	117.3
747	1	203.01	106.48	274.73	117.3
748	1	203.01	106.48	275.46	117.3
749	1	203.01	106.48	276.2	117.3
750	1	203.01	106.48	276.93	117.3
751	1	203.01	106.48	277.67	117.3
752	1	203.01	106.48	278.4	117.3
753	1	203.01	106.48	279.14	117.3
754	1	203.01	106.48	279.87	117.3
755	1	203.49	106.48	279.4	117.3
756	1	203.96	106.48	278.92	117.3
757	1	204.44	106.48	278.45	117.3
758	1	204.91	106.48	277.97	117.3
759	1	205.39	106.48	277.5	117.3
760	1	205.86	106.48	277.02	117.3
761	1	206.34	106.48	276.55	117.3
762	1	206.81	106.48	276.07	117.3
763	1	207.29	106.48	275.6	117.3
764	1	207.76	106.48	275.12	117.3
765	1	208.24	106.48	274.65	117.3
766	1	208.71	106.48	274.17	117.3
767	1	209.18	106.48	273.7	117.3
768	1	209.66	106.48	273.22	117.3
769	1	210.13	106.48	272.75	117.3
770	1	210.61	106.48	272.27	117.3
771	1	211.08	106.48	271.8	117.3
772	1	211.56	106.48	271.32	117.3
773	1	212.03	106.48	270.85	117.3
774	1	212.51	106.48	270.37	117.3
775	1	212.98	106.48	269.9	117.3
776	1	213.46	106.48	269.42	117.3
777	1	213.93	106.48	268.95	117.3
778	1	214.41	106.48	268.47	117.3
779	1	214.88	106.48	268	117.3
780	1	215.36	106.48	267.52	117.3
781	1	215.83	106.48	267.05	117.3
782	1	216.31	106.48	266.57	117.3
783	1	216.78	106.48	266.1	117.3
784	1	217.26	106.48	265.62	117.3
785	1	217.73	106.48	265.15	117.3
786	1	218.21	106.48	264.67	117.3
787	1	218.68	106.48	264.2	117.3
788	1	219.16	106.48	263.72	117.3
789	1	219.63	106.48	263.25	117.3
790	1	220.11	106.48	262.78	117.3
791	1	220.58	106.48	262.3	117.3
792	1	221.06	106.48	261.83	117.3
793	1	221.53	106.48	261.35	117.3
794	1	221.5	106.47	261.35	117.3
795	1	221.47	106.46	261.35	117.3
796	1	221.45	106.45	261.35	117.3
797	1	221.42	106.44	261.35	117.3
798	1	221.39	106.43	261.35	117.3
799	1	221.36	106.42	261.35	117.3
800	1	221.33	106.41	261.35	117.3
801	1	221.3	106.4	261.35	117.3
802	1	221.27	106.39	261.35	117.3
803	1	221.25	106.38	261.35	117.3
804	1	221.22	106.38	261.35	117.3
805	1	221.19	106.37	261.35	117.3
806	1	221.16	106.36	261.35	117.3
807	1	221.13	106.35	261.35	117.3
808	1	221.1	106.34	261.35	117.3
809	1	221.07	106.33	261.35	117.3
810	1	221.04	106.32	261.35	117.3
811	1	221.02	106.31	261.35	117.3
812	1	220.99	106.3	261.35	117.3
813	1	220.96	106.29	261.35	117.3
814	1	220.93	106.28	261.35	117.3
815	1	220.9	106.27	261.35	117.3
816	1	220.87	106.26	261.35	117.3
817	1	220.84	106.25	261.35	117.3
818	1	220.81	106.24	261.35	117.3
819	1	220.79	106.23	261.35	117.3
820	1	220.76	106.22	261.35	117.3
821	1	220.73	106.21	261.35	117.3
822	1	220.7	106.2	261.35	117.3
823	1	220.67	106.19	261.35	117.3
824	1	220.64	106.18	261.35	117.3
825	1	220.61	106.17	261.35	117.3
826	1	220.58	106.16	261.35	117.3
827	1	220.56	106.16	261.35	117.3
828	1	220.53	106.15	261.35	117.3
829	1	220.5	106.14	261.35	117.3
830	1	220.47	106.13	261.35	117.3
831	1	220.44	106.12	261.35	117.3
832	1	220.41	106.11	261.35	117.3
833	1	220.38	106.1	261.35	117.3
834	1	220.35	106.09	261.35	117.3
835	1	220.33	106.08	261.35	117.3
836	1	220.3	106.07	261.35	117.3
837	1	220.27	106.06	261.35	117.3
838	1	220.24	106.05	261.35	117.3
839	1	220.21	106.04	261.35	117.3
840	1	220.18	106.03	261.35	117.3
841	1	220.15	106.02	261.35	117.3
842	1	220.13	106.01	261.35	117.3
843	1	220.1	106	261.35	117.3
844	1	220.07	105.99	261.35	117.3
845	1	220.04	105.98	261.35	117.3
846	1	220.01	105.97	261.35	117.3
847	1	219.98	105.96	261.35	117.3
848	1	219.95	105.95	261.35	117.3
849	1	219.92	105.94	261.35	117.3
850	1	219.9	105.94	261.35	117.3
851	1	219.87	105.93	261.35	117.3
852	1	219.84	105.92	261.35	117.3
853	1	219.81	105.91	261.35	117.3
854	1	219.78	105.9	261.35	117.3
855	1	219.75	105.89	261.35	117.3
856	1	219.72	105.88	261.35	117.3
857	1	219.69	105.87	261.35	117.3
858	1	219.67	105.86	261.35	117.3
859	1	219.64	105.85	261.35	117.3
860	1	219.61	105.84	261.35	117.3
861	1	219.58	105.83	261.35	117.3
862	1	219.55	105.82	261.35	117.3
863	1	219.52	105.81	261.35	117.3
864	1	219.49	105.8	261.35	117.3
865	1	219.46	105.79	261.35	117.3
866	1	219.44	105.78	261.35	117.3
867	1	219.41	105.77	261.35	117.3
868	1	219.38	105.76	261.35	117.3
869	1	219.35	105.75	261.35	117.3
870	1	219.32	105.74	261.35	117.3
871	1	219.29	105.73	261.35	117.3
872	1	219.26	105.72	261.35	117.3
873	1	219.23	105.71	261.35	117.3
874	1	219.21	105.71	261.35	117.3
875	1	219.18	105.7	261.35	117.3
876	1	219.15	105.69	261.35	117.3
877	1	219.12	105.68	261.35	117.3
878	1	219.09	105.67	261.35	117.3
879	1	219.06	105.66	261.35	117.3
880	1	219.03	105.65	261.35	117.3
881	1	219.01	105.64	261.35	117.3
882	1	218.98	105.63	261.35	117.3
883	1	218.95	105.62	261.35	117.3
884	1	218.92	105.61	261.35	117.3
885	1	218.89	105.6	261.35	117.3
886	1	218.86	105.59	261.35	117.3
887	1	218.83	105.58	261.35	117.3
888	1	218.8	105.57	261.35	117.3
889	1	218.78	105.56	261.35	117.3
890	1	218.75	105.55	261.35	117.3
891	1	218.72	105.54	261.35	117.3
892	1	218.69	105.53	261.35	117.3
893	1	218.66	105.52	261.35	117.3
894	1	218.63	105.51	261.35	117.3
895	1	218.6	105.5	261.35	117.3
896	1	218.57	105.49	261.35	117.3
897	1	218.55	105.49	261.35	117.3
898	1	218.52	105.48	261.35	117.3
899	1	218.49	105.47	261.35	117.3
900	1	218.46	105.46	261.35	117.3
901	1	218.43	105.45	261.35	117.3
902	1	218.4	105.44	261.35	117.3
903	1	218.37	105.43	261.35	117.3
904	1	218.34	105.42	261.35	117.3
905	1	218.32	105.41	261.35	117.3
906	1	218.29	105.4	261.35	117.3
907	1	218.26	105.39	261.35	117.3
908	1	218.23	105.38	261.35	117.3
909	1	218.2	105.37	261.35	117.3
910	1	218.17	105.36	261.35	117.3
911	1	218.14	105.35	261.35	117.3
912	1	218.12	105.34	261.35	117.3
913	1	218.09	105.33	261.35	117.3
914	1	218.06	105.32	261.35	117.3
915	1	218.03	105.31	261.35	117.3
916	1	218	105.3	261.35	117.3
917	1	217.97	105.29	261.35	117.3
918	1	217.94	105.28	261.35	117.3
919	1	217.91	105.27	261.35	117.3
920	1	217.89	105.27	261.35	117.3
921	1	217.86	105.26	261.35	117.3
922	1	217.83	105.25	261.35	117.3
923	1	217.8	105.24	261.35	117.3
924	1	217.77	105.23	261.35	117.3
925	1	217.74	105.22	261.35	117.3
926	1	217.71	105.21	261.35	117.3
927	1	217.68	105.2	261.35	117.3
928	1	217.66	105.19	261.35	117.3
929	1	217.63	105.18	261.35	117.3
930	1	217.6	105.17	261.35	117.3
931	1	217.57	105.16	261.35	117.3
932	1	217.54	105.15	261.35	117.3
933	1	217.51	105.14	261.35	117.3
934	1	217.48	105.13	261.35	117.3
935	1	217.45	105.12	261.35	117.3
936	1	217.43	105.11	261.35	117.3
937	1	217.4	105.1	261.35	117.3
938	1	217.37	105.09	261.35	117.3
939	1	217.34	105.08	261.35	117.3
940	1	217.31	105.07	261.35	117.3
941	1	217.28	105.06	261.35	117.3
942	1	217.25	105.05	261.35	117.3
943	1	217.22	105.04	261.35	117.3
944	1	217.2	105.04	261.35	117.3
945	1	217.17	105.03	261.35	117.3
946	1	217.14	105.02	261.35	117.3
947	1	217.11	105.01	261.35	117.3
948	1	217.08	105	261.35	117.3
949	1	217.05	104.99	261.35	117.3
950	1	217.02	104.98	261.35	117.3
951	1	217	104.97	261.35	117.3
952	1	216.97	104.96	261.35	117.3
953	1	216.94	104.95	261.35	117.3
954	1	216.91	104.94	261.35	117.3
955	1	216.88	104.93	261.35	117.3
956	1	216.85	104.92	261.35	117.3
957	1	216.82	104.91	261.35	117.3
958	1	216.79	104.9	261.35	117.3
959	1	216.77	104.89	261.35	117.3
960	1	216.74	104.88	261.35	117.3
961	1	216.71	104.87	261.35	117.3
962	1	216.68	104.86	261.35	117.3
963	1	216.65	104.85	261.35	117.3
964	1	216.62	104.84	261.35	117.3
965	1	216.59	104.83	261.35	117.3
966	1	216.56	104.82	261.35	117.3
967	1	216.54	104.82	261.35	117.3
968	1	216.51	104.81	261.35	117.3
969	1	216.48	104.8	261.35	117.3
970	1	216.45	104.79	261.35	117.3
971	1	216.42	104.78	261.35	117.3
972	1	216.39	104.77	261.35	117.3
973	1	216.36	104.76	261.35	117.3
974	1	216.33	104.75	261.35	117.3
975	1	216.31	104.74	261.35	117.3
976	1	216.28	104.73	261.35	117.3
977	1	216.25	104.72	261.35	117.3
978	1	216.22	104.71	261.35	117.3
979	1	216.19	104.7	261.35	117.3
980	1	216.16	104.69	261.35	117.3
981	1	216.13	104.68	261.35	117.3
982	1	216.11	104.67	261.35	117.3
983	1	216.08	104.66	261.35	117.3
984	1	216.05	104.65	261.35	117.3
985	1	216.02	104.64	261.35	117.3
986	1	215.99	104.63	261.35	117.3
987	1	215.96	104.62	261.35	117.3
988	1	215.93	104.61	261.35	117.3
989	1	215.9	104.6	261.35	117.3
990	1	215.88	104.6	261.35	117.3
991	1	215.85	104.59	261.35	117.3
992	1	215.82	104.58	261.35	117.3
993	1	215.79	104.57	261.35	117.3
994	1	215.76	104.56	261.35	117.3
995	1	215.73	104.55	261.35	117.3
996	1	215.7	104.54	261.35	117.3
997	1	215.67	104.53	261.35	117.3
998	1	215.65	104.52	261.35	117.3
999	1	215.62	104.51	261.35	117.3
1000	1	215.59	104.5	261.35	117.3
1001	1	215.56	104.49	261.35	117.3
1002	1	215.53	104.48	261.35	117.3
1003	1	215.5	104.47	261.35	117.3
1004	1	215.47	104.46	261.35	117.3
1005	1	215.44	104.45	261.35	117.3
1006	1	215.42	104.44	261.35	117.3
1007	1	215.39	104.43	261.35	117.3
1008	1	215.36	104.42	261.35	117.3
1009	1	215.24	104.42	261.35	117.3
1010	1	215.12	104.42	261.35	117.3
1011	1	215	104.42	261.35	117.3
1012	1	214.87	104.42	261.35	117.3
1013	1	214.75	104.42	261.35	117.3
1014	1	214.63	104.42	261.35	117.3
1015	1	214.51	104.42	261.35	117.3
1016	1	214.39	104.42	261.35	117.3
1017	1	214.27	104.42	261.35	117.3
1018	1	214.15	104.42	261.35	117.3
1019	1	214.03	104.42	261.35	117.3
1020	1	213.91	104.42	261.35	117.3
1021	1	213.78	104.42	261.35	117.3
1022	1	213.66	104.42	261.35	117.3
1023	1	213.54	104.42	261.35	117.3
1024	1	213.42	104.42	261.35	117.3
1025	1	213.3	104.42	261.35	117.3
1026	1	213.18	104.42	261.35	117.3
1027	1	213.06	104.42	261.35	117.3
1028	1	212.94	104.42	261.35	117.3
1029	1	212.82	104.42	261.35	117.3
1030	1	212.7	104.42	261.35	117.3
1031	1	212.57	104.42	261.35	117.3
1032	1	212.45	104.42	261.35	117.3
1033	1	212.33	104.42	261.35	117.3
1034	1	212.21	104.42	261.35	117.3
1035	1	212.09	104.42	261.35	117.3
1036	1	211.97	104.42	261.35	117.3
1037	1	211.85	104.42	261.35	117.3
1038	1	211.73	104.42	261.35	117.3
1039	1	211.61	104.42	261.35	117.3
1040	1	211.48	104.42	261.35	117.3
1041	1	211.36	104.42	261.35	117.3
1042	1	211.24	104.42	261.35	117.3
1043	1	210.73	104.35	261.35	117.3
1044	1	210.21	104.28	261.35	117.3
1045	1	209.7	104.2	261.35	117.3
1046	1	209.18	104.13	261.35	117.3
1047	1	208.67	104.06	261.35	117.3
1048	1	208.16	103.98	261.35	117.3
1049	1	207.64	103.91	261.35	117.3
1050	1	207.13	103.83	261.35	117.3
1051	1	206.61	103.76	261.35	117.3
1052	1	206.1	103.69	261.35	117.3
1053	1	205.58	103.61	261.35	117.3
1054	1	205.07	103.54	261.35	117.3
1055	1	204.55	103.47	261.35	117.3
1056	1	204.04	103.39	261.35	117.3
1057	1	203.53	103.32	261.35	117.3
1058	1	203.01	103.25	261.35	117.3
1059	1	202.5	103.17	261.35	117.3
1060	1	201.98	103.1	261.35	117.3
1061	1	201.47	103.03	261.35	117.3
1062	1	200.95	102.95	261.35	117.3
1063	1	200.44	102.88	261.35	117.3
1064	1	199.92	102.81	261.35	117.3
1065	1	199.41	102.73	261.35	117.3
1066	1	198.9	102.66	261.35	117.3
1067	1	198.38	102.59	261.35	117.3
1068	1	197.87	102.51	261.35	117.3
1069	1	197.35	102.44	261.35	117.3
1070	1	196.84	102.36	261.35	117.3
1071	1	196.48	102.36	261.35	117.3
1072	1	196.13	102.36	261.35	117.3
1073	1	195.77	102.36	261.35	117.3
1074	1	195.42	102.36	261.35	117.3
1075	1	195.06	102.36	261.35	117.3
1076	1	194.71	102.36	261.35	117.3
1077	1	194.35	102.36	261.35	117.3
1078	1	194	102.36	261.35	117.3
1079	1	193.64	102.36	261.35	117.3
1080	1	193.29	102.36	261.35	117.3
1081	1	192.93	102.36	261.35	117.3
1082	1	192.58	102.36	261.35	117.3
1083	1	192.23	102.36	261.35	117.3
1084	1	191.87	102.36	261.35	117.3
1085	1	191.52	102.36	261.35	117.3
1086	1	191.16	102.36	261.35	117.3
1087	1	190.81	102.36	261.35	117.3
1088	1	190.45	102.36	261.35	117.3
1089	1	190.1	102.36	261.35	117.3
1090	1	189.74	102.36	261.35	117.3
1091	1	189.39	102.36	261.35	117.3
1092	1	189.03	102.36	261.35	117.3
1093	1	188.68	102.36	261.35	117.3
1094	1	188.32	102.36	261.35	117.3
1095	1	187.97	102.36	261.35	117.3
1096	1	187.61	102.36	261.35	117.3
1097	1	187.26	102.36	261.35	117.3
1098	1	186.9	102.36	261.35	117.3
1099	1	186.55	102.36	261.35	117.3
1100	1	185.81	102.28	261.35	117.3
1101	1	185.07	102.2	261.35	117.3
1102	1	184.33	102.12	261.35	117.3
1103	1	183.58	102.04	261.35	117.3
1104	1	182.84	101.95	261.35	117.3
1105	1	182.1	101.87	261.35	117.3
1106	1	181.36	101.79	261.35	117.3
1107	1	180.62	101.71	261.35	117.3
1108	1	179.88	101.62	261.35	117.3
1109	1	179.14	101.54	261.35	117.3
1110	1	178.4	101.46	261.35	117.3
1111	1	177.66	101.38	261.35	117.3
1112	1	176.92	101.29	261.35	117.3
1113	1	176.18	101.21	261.35	117.3
1114	1	175.44	101.13	261.35	117.3
1115	1	174.69	101.05	261.35	117.3
1116	1	173.95	100.97	261.35	117.3
1117	1	173.21	100.88	261.35	117.3
1118	1	172.47	100.8	261.35	117.3
1119	1	171.73	100.72	261.35	117.3
1120	1	170.99	100.64	261.35	117.3
1121	1	170.25	100.55	261.35	117.3
1122	1	169.51	100.47	261.35	117.3
1123	1	168.77	100.39	261.35	117.3
1124	1	168.03	100.31	261.35	117.3
1125	1	167.7	100.64	261.93	117.46
1126	1	167.37	100.97	262.5	117.63
1127	1	167.04	101.29	263.08	117.79
1128	1	166.71	101.62	263.66	117.96
1129	1	166.38	101.95	264.23	118.12
1130	1	166.05	102.28	264.81	118.29
1131	1	165.72	102.61	265.38	118.45
1132	1	165.39	102.94	265.96	118.62
1133	1	165.06	103.27	266.54	118.78
1134	1	164.73	103.6	267.11	118.95
1135	1	164.41	103.93	267.69	119.11
1136	1	164.08	104.26	268.26	119.27
1137	1	163.75	104.59	268.84	119.44
1138	1	163.42	104.92	269.42	119.6
1139	1	163.09	105.25	269.99	119.77
1140	1	162.76	105.58	270.57	119.93
1141	1	162.43	105.9	271.15	120.1
1142	1	162.1	106.23	271.72	120.26
1143	1	161.77	106.56	272.3	120.43
1144	1	161.44	106.89	272.87	120.59
1145	1	161.11	107.22	273.45	120.76
1146	1	160.78	107.55	274.03	120.92
1147	1	160.45	107.88	274.6	121.09
1148	1	160.13	108.21	275.18	121.25
1149	1	159.8	108.54	275.76	121.41
1150	1	159.9	109.05	276.89	121.52
1151	1	160	109.57	278.02	121.62
1152	1	160.1	110.08	279.15	121.72
1153	1	160.21	110.6	280.28	121.83
1154	1	160.31	111.11	281.41	121.93
1155	1	160.41	111.63	282.55	122.03
1156	1	160.52	112.14	283.68	122.14
1157	1	160.62	112.65	284.81	122.24
1158	1	160.72	113.17	285.94	122.34
1159	1	160.82	113.68	287.07	122.44
1160	1	160.93	114.2	288.21	122.55
1161	1	161.03	114.71	289.34	122.65
1162	1	161.13	115.23	290.47	122.75
1163	1	161.24	115.74	291.6	122.86
1164	1	161.34	116.26	292.73	122.96
1165	1	161.44	116.77	293.86	123.06
1166	1	161.55	117.28	295	123.16
1167	1	161.65	117.8	296.13	123.27
1168	1	161.75	118.31	297.26	123.37
1169	1	161.85	118.83	298.39	123.47
1170	1	161.47	118.92	298.39	123.47
1171	1	161.09	119.02	298.39	123.47
1172	1	160.71	119.11	298.39	123.47
1173	1	160.33	119.21	298.39	123.47
1174	1	159.95	119.3	298.39	123.47
1175	1	159.57	119.4	298.39	123.47
1176	1	159.19	119.49	298.39	123.47
1177	1	158.81	119.59	298.39	123.47
1178	1	158.43	119.68	298.39	123.47
1179	1	158.05	119.78	298.39	123.47
1180	1	157.67	119.87	298.39	123.47
1181	1	157.29	119.97	298.39	123.47
1182	1	156.91	120.06	298.39	123.47
1183	1	156.53	120.16	298.39	123.47
1184	1	156.15	120.25	298.39	123.47
1185	1	155.78	120.35	298.39	123.47
1186	1	155.4	120.44	298.39	123.47
1187	1	155.02	120.54	298.39	123.47
1188	1	154.64	120.63	298.39	123.47
1189	1	154.26	120.73	298.39	123.47
1190	1	153.88	120.82	298.39	123.47
1191	1	153.5	120.92	298.39	123.47
1192	1	153.12	121.01	298.39	123.47
1193	1	152.74	121.11	298.39	123.47
1194	1	152.36	121.2	298.39	123.47
1195	1	151.98	121.3	298.39	123.47
1196	1	151.6	121.39	298.39	123.47
1197	1	151.22	121.49	298.39	123.47
1198	1	150.84	121.58	298.39	123.47
1199	1	150.46	121.68	298.39	123.47
1200	1	150.08	121.77	298.39	123.47
1201	1	149.7	121.87	298.39	123.47
1202	1	149.32	121.96	298.39	123.47
1203	1	148.94	122.06	298.39	123.47
1204	1	148.56	122.15	298.39	123.47
1205	1	148.18	122.25	298.39	123.47
1206	1	147.8	122.34	298.39	123.47
1207	1	147.42	122.44	298.39	123.47
1208	1	147.04	122.53	298.39	123.47
1209	1	146.66	122.63	298.39	123.47
1210	1	146.28	122.72	298.39	123.47
1211	1	145.9	122.82	298.39	123.47
1212	1	145.52	122.91	298.39	123.47
1213	1	145.14	123.01	298.39	123.47
1214	1	144.76	123.1	298.39	123.47
1215	1	144.38	123.2	298.39	123.47
1216	1	144	123.29	298.39	123.47
1217	1	143.62	123.39	298.39	123.47
1218	1	143.24	123.48	298.39	123.47
1219	1	142.86	123.58	298.39	123.47
1220	1	142.48	123.67	298.39	123.47
1221	1	142.1	123.77	298.39	123.47
1222	1	141.72	123.86	298.39	123.47
1223	1	141.34	123.96	298.39	123.47
1224	1	140.96	124.05	298.39	123.47
1225	1	140.58	124.15	298.39	123.47
1226	1	140.2	124.24	298.39	123.47
1227	1	139.82	124.34	298.39	123.47
1228	1	139.44	124.43	298.39	123.47
1229	1	139.06	124.53	298.39	123.47
1230	1	138.68	124.62	298.39	123.47
1231	1	138.3	124.72	298.39	123.47
1232	1	137.92	124.81	298.39	123.47
1233	1	137.54	124.91	298.39	123.47
1234	1	137.16	125	298.39	123.47
1235	1	137.16	125.12	298.39	123.47
1236	1	137.16	125.23	298.39	123.47
1237	1	137.16	125.34	298.39	123.47
1238	1	137.16	125.46	298.39	123.47
1239	1	137.16	125.57	298.39	123.47
1240	1	137.16	125.69	298.39	123.47
1241	1	137.16	125.8	298.39	123.47
1242	1	137.16	125.92	298.39	123.47
1243	1	137.16	126.03	298.39	123.47
1244	1	137.16	126.14	298.39	123.47
1245	1	137.16	126.26	298.39	123.47
1246	1	137.16	126.37	298.39	123.47
1247	1	137.16	126.49	298.39	123.47
1248	1	137.16	126.6	298.39	123.47
1249	1	137.16	126.72	298.39	123.47
1250	1	137.16	126.83	298.39	123.47
1251	1	137.16	126.95	298.39	123.47
1252	1	137.16	127.06	298.39	123.47
1253	1	137.16	127.15	298.39	123.47
1254	1	137.16	127.24	298.39	123.47
1255	1	137.16	127.33	298.39	123.47
1256	1	137.16	127.42	298.39	123.47
1257	1	137.16	127.51	298.39	123.47
1258	1	137.16	127.6	298.39	123.47
1259	1	137.16	127.69	298.39	123.47
1260	1	137.16	127.78	298.39	123.47
1261	1	137.16	127.86	298.39	123.47
1262	1	137.16	127.95	298.39	123.47
1263	1	137.16	128.04	298.39	123.47
1264	1	137.16	128.13	298.39	123.47
1265	1	137.16	128.22	298.39	123.47
1266	1	137.16	128.31	298.39	123.47
1267	1	137.16	128.4	298.39	123.47
1268	1	137.16	128.49	298.39	123.47
1269	1	137.16	128.58	298.39	123.47
1270	1	137.16	128.67	298.39	123.47
1271	1	137.16	128.76	298.39	123.47
1272	1	137.16	128.85	298.39	123.47
1273	1	137.16	128.94	298.39	123.47
1274	1	137.16	129.03	298.39	123.47
1275	1	137.16	129.12	298.39	123.47
1276	1	137.98	129.12	297.57	123.14
1277	1	138.81	129.12	296.75	122.81
1278	1	139.63	129.12	295.92	122.48
1279	1	140.45	129.12	295.1	122.16
1280	1	141.27	129.12	294.28	121.83
1281	1	142.1	129.12	293.45	121.5
1282	1	142.92	129.12	292.63	121.17
1283	1	143.74	129.12	291.81	120.84
1284	1	144.57	129.12	290.98	120.51
1285	1	145.39	129.12	290.16	120.18
1286	1	146.21	129.12	289.34	119.85
1287	1	147.04	129.12	288.51	119.52
1288	1	147.86	129.12	287.69	119.19
1289	1	148.68	129.12	286.87	118.86
1290	1	149.51	129.12	286.05	118.53
1291	1	150.33	129.12	285.22	118.2
1292	1	151.15	129.12	284.4	117.88
1293	1	151.98	129.12	283.58	117.55
1294	1	152.8	129.12	282.75	117.22
1295	1	153.62	129.12	281.93	116.89
1296	1	154.45	129.12	281.11	116.56
1297	1	155.27	129.12	280.28	116.23
1298	1	156.09	129.12	279.46	115.9
1299	1	156.91	129.12	278.64	115.57
1300	1	157.74	129.12	277.81	115.24
1301	1	158.94	129.12	276.61	114.9
1302	1	160.14	129.12	275.41	114.56
1303	1	161.34	129.12	274.21	114.21
1304	1	162.54	129.12	273.01	113.87
1305	1	163.74	129.12	271.81	113.53
1306	1	164.94	129.12	270.61	113.18
1307	1	166.14	129.12	269.41	112.84
1308	1	167.34	129.12	268.21	112.5
1309	1	168.54	129.12	267.01	112.15
1310	1	169.74	129.12	265.81	111.81
1311	1	170.94	129.12	264.61	111.47
1312	1	172.14	129.12	263.41	111.13
1313	1	173.34	129.12	262.21	110.78
1314	1	174.54	129.12	261.01	110.44
1315	1	175.74	129.12	259.81	110.1
1316	1	176.94	129.12	258.61	109.75
1317	1	178.15	129.12	257.41	109.41
1318	1	179.35	129.12	256.21	109.07
1319	1	180.55	129.12	255.01	108.72
1320	1	181.75	129.12	253.8	108.38
1321	1	182.95	129.12	252.6	108.04
1322	1	184.15	129.12	251.4	107.7
1323	1	185.35	129.12	250.2	107.35
1324	1	186.55	129.12	249	107.01
1325	1	186.14	128.91	249	107.01
1326	1	185.73	128.71	249	107.01
1327	1	185.31	128.5	249	107.01
1328	1	184.9	128.29	249	107.01
1329	1	184.49	128.09	249	107.01
1330	1	184.08	127.88	249	107.01
1331	1	183.67	127.68	249	107.01
1332	1	183.26	127.47	249	107.01
1333	1	182.84	127.27	249	107.01
1334	1	182.43	127.06	249	107.01
1335	1	182.02	126.85	249	107.01
1336	1	181.61	126.65	249	107.01
1337	1	181.2	126.44	249	107.01
1338	1	180.79	126.24	249	107.01
1339	1	180.37	126.03	249	107.01
1340	1	179.96	125.82	249	107.01
1341	1	179.55	125.62	249	107.01
1342	1	179.14	125.41	249	107.01
1343	1	178.73	125.21	249	107.01
1344	1	178.32	125	249	107.01
1345	1	178.32	125	249	106.39
1346	1	178.32	125	249	105.77
1347	1	178.32	125	249	105.16
1348	1	178.32	125	249	104.54
1349	1	178.32	125	249	103.92
1350	1	178.32	125	249	103.31
1351	1	178.32	125	249	102.69
1352	1	178.32	125	249	102.07
1353	1	178.32	125	249	101.45
1354	1	178.32	125	249	100.84
1355	1	179.6	125	247.07	100.45
1356	1	180.89	125	245.14	100.06
1357	1	182.18	125	243.22	99.678
1358	1	183.46	125	241.29	99.293
1359	1	184.75	125	239.36	98.907
1360	1	186.03	125	237.43	98.521
1361	1	187.32	125	235.5	98.135
1362	1	188.61	125	233.57	97.749
1363	1	189.89	125	231.64	97.363
1364	1	191.18	125	229.71	96.977
1365	1	192.46	125	227.78	96.592
1366	1	193.75	125	225.85	96.206
1367	1	195.04	125	223.92	95.82
1368	1	196.32	125	221.99	95.434
1369	1	197.61	125	220.06	95.048
1370	1	198.9	125	218.14	94.662
1371	1	198.35	124.86	218.14	94.662
1372	1	197.8	124.73	218.14	94.662
1373	1	197.25	124.59	218.14	94.662
1374	1	196.7	124.45	218.14	94.662
1375	1	196.15	124.32	218.14	94.662
1376	1	195.6	124.18	218.14	94.662
1377	1	195.05	124.04	218.14	94.662
1378	1	194.51	123.9	218.14	94.662
1379	1	193.96	123.77	218.14	94.662
1380	1	193.41	123.63	218.14	94.662
1381	1	192.86	123.49	218.14	94.662
1382	1	192.31	123.36	218.14	94.662
1383	1	191.76	123.22	218.14	94.662
1384	1	191.21	123.08	218.14	94.662
1385	1	190.66	122.94	218.14	94.662
1386	1	190.66	122.94	217.62	94.662
1387	1	190.66	122.94	217.11	94.662
1388	1	190.66	122.94	216.59	94.662
1389	1	190.66	122.94	216.08	94.662
1390	1	190.66	122.94	215.56	94.662
1391	1	190.66	122.94	215.05	94.662
1392	1	190.66	122.94	214.53	94.662
1393	1	190.66	122.94	214.02	94.662
1394	1	190.66	122.94	213.5	94.662
1395	1	190.66	122.94	212.99	94.662
1396	1	190.66	122.94	212.48	94.662
1397	1	190.66	122.94	211.96	94.662
1398	1	190.66	122.94	211.45	94.662
1399	1	190.66	122.94	210.93	94.662
1400	1	190.66	122.94	210.42	94.662
1401	1	190.66	122.94	209.9	94.662
1402	1	190.09	123.17	209.9	94.319
1403	1	189.52	123.4	209.9	93.976
1404	1	188.95	123.63	209.9	93.633
1405	1	188.38	123.86	209.9	93.29
1406	1	187.81	124.09	209.9	92.947
1407	1	187.23	124.32	209.9	92.605
1408	1	186.66	124.54	209.9	92.262
1409	1	186.09	124.77	209.9	91.919
1410	1	185.52	125	209.9	91.576
1411	1	184.95	125.23	209.9	91.233
1412	1	184.38	125.46	209.9	90.89
1413	1	183.8	125.69	209.9	90.547
1414	1	183.23	125.92	209.9	90.204
1415	1	182.66	126.14	209.9	89.861
1416	1	182.09	126.37	209.9	89.518
1417	1	181.52	126.6	209.9	89.175
1418	1	180.95	126.83	209.9	88.832
1419	1	180.37	127.06	209.9	88.489
1420	1	181.17	127.06	208.53	88.489
1421	1	181.98	127.06	207.16	88.489
1422	1	182.78	127.06	205.79	88.489
1423	1	183.58	127.06	204.42	88.489
1424	1	184.38	127.06	203.04	88.489
1425	1	185.18	127.06	201.67	88.489
1426	1	185.98	127.06	200.3	88.489
1427	1	186.78	127.06	198.93	88.489
1428	1	187.58	127.06	197.56	88.489
1429	1	188.38	127.06	196.18	88.489
1430	1	189.18	127.06	194.81	88.489
1431	1	189.98	127.06	193.44	88.489
1432	1	190.78	127.06	192.07	88.489
1433	1	191.58	127.06	190.7	88.489
1434	1	192.38	127.06	189.32	88.489
1435	1	193.18	127.06	187.95	88.489
1436	1	193.98	127.06	186.58	88.489
1437	1	194.78	127.06	185.21	88.489
1438	1	194.19	127.26	185.21	88.489
1439	1	193.6	127.45	185.21	88.489
1440	1	193.02	127.65	185.21	88.489
1441	1	192.43	127.84	185.21	88.489
1442	1	191.84	128.04	185.21	88.489
1443	1	191.25	128.24	185.21	88.489
1444	1	190.66	128.43	185.21	88.489
1445	1	190.08	128.63	185.21	88.489
1446	1	189.49	128.82	185.21	88.489
1447	1	188.9	129.02	185.21	88.489
1448	1	188.31	129.22	185.21	88.489
1449	1	187.72	129.41	185.21	88.489
1450	1	187.14	129.61	185.21	88.489
1451	1	186.55	129.8	185.21	88.489
1452	1	185.96	130	185.21	88.489
1453	1	185.37	130.2	185.21	88.489
1454	1	184.78	130.39	185.21	88.489
1455	1	184.2	130.59	185.21	88.489
1456	1	183.61	130.78	185.21	88.489
1457	1	183.02	130.98	185.21	88.489
1458	1	182.43	131.18	185.21	88.489
1459	1	182.43	131.18	184.92	87.705
1460	1	182.43	131.18	184.62	86.921
1461	1	182.43	131.18	184.33	86.137
1462	1	182.43	131.18	184.03	85.353
1463	1	182.43	131.18	183.74	84.569
1464	1	182.43	131.18	183.45	83.785
1465	1	182.43	131.18	183.15	83.001
1466	1	182.43	131.18	182.86	82.217
1467	1	182.43	131.18	182.56	81.433
1468	1	182.43	131.18	182.27	80.649
1469	1	182.43	131.18	181.98	79.865
1470	1	182.43	131.18	181.68	79.081
1471	1	182.43	131.18	181.39	78.297
1472	1	182.43	131.18	181.09	77.513
1473	1	182.43	131.18	180.8	76.729
1474	1	182.43	131.18	180.51	75.945
1475	1	182.43	131.18	180.21	75.162
1476	1	182.43	131.18	179.92	74.378
1477	1	182.43	131.18	179.62	73.594
1478	1	182.43	131.18	179.33	72.81
1479	1	182.43	131.18	179.04	72.026
1480	1	183.04	131.18	178.43	72.026
1481	1	183.64	131.18	177.82	72.026
1482	1	184.25	131.18	177.22	72.026
1483	1	184.85	131.18	176.61	72.026
1484	1	185.46	131.18	176.01	72.026
1485	1	186.06	131.18	175.4	72.026
1486	1	186.67	131.18	174.8	72.026
1487	1	187.27	131.18	174.19	72.026
1488	1	187.88	131.18	173.59	72.026
1489	1	188.49	131.18	172.98	72.026
1490	1	189.09	131.18	172.38	72.026
1491	1	189.7	131.18	171.77	72.026
1492	1	190.3	131.18	171.17	72.026
1493	1	190.91	131.18	170.56	72.026
1494	1	191.51	131.18	169.96	72.026
1495	1	192.12	131.18	169.35	72.026
1496	1	192.72	131.18	168.75	72.026
1497	1	193.33	131.18	168.14	72.026
1498	1	193.93	131.18	167.54	72.026
1499	1	194.54	131.18	166.93	72.026
1500	1	195.14	131.18	166.32	72.026
1501	1	195.75	131.18	165.72	72.026
1502	1	196.35	131.18	165.11	72.026
1503	1	196.96	131.18	164.51	72.026
1504	1	197.56	131.18	163.9	72.026
1505	1	198.17	131.18	163.3	72.026
1506	1	198.77	131.18	162.69	72.026
1507	1	199.38	131.18	162.09	72.026
1508	1	199.98	131.18	161.48	72.026
1509	1	200.59	131.18	160.88	72.026
1510	1	201.2	131.18	160.27	72.026
1511	1	201.8	131.18	159.67	72.026
1512	1	202.41	131.18	159.06	72.026
1513	1	203.01	131.18	158.46	72.026
1514	1	203.01	130.81	157.73	71.663
1515	1	203.01	130.45	157	71.299
1516	1	203.01	130.09	156.28	70.936
1517	1	203.01	129.72	155.55	70.573
1518	1	203.01	129.36	154.83	70.21
1519	1	203.01	129	154.1	69.847
1520	1	203.01	128.63	153.37	69.484
1521	1	203.01	128.27	152.65	69.12
1522	1	203.01	127.91	151.92	68.757
1523	1	203.01	127.54	151.19	68.394
1524	1	203.01	127.18	150.47	68.031
1525	1	203.01	126.82	149.74	67.668
1526	1	203.01	126.45	149.01	67.305
1527	1	203.01	126.09	148.29	66.942
1528	1	203.01	125.73	147.56	66.578
1529	1	203.01	125.36	146.84	66.215
1530	1	203.01	125	146.11	65.852
1531	1	204.55	125	144.57	65.852
1532	1	206.1	125	143.02	65.852
1533	1	207.64	125	141.48	65.852
1534	1	209.18	125	139.94	65.852
1535	1	210.73	125	138.39	65.852
1536	1	212.27	125	136.85	65.852
1537	1	213.82	125	135.31	65.852
1538	1	215.36	125	133.76	65.852
1539	1	216.9	125	132.22	65.852
1540	1	218.45	125	130.68	65.852
1541	1	219.99	125	129.13	65.852
1542	1	221.53	125	127.59	65.852
1543	1	221.27	125.07	127.59	65.852
1544	1	221.02	125.13	127.59	65.852
1545	1	220.76	125.19	127.59	65.852
1546	1	220.5	125.26	127.59	65.852
1547	1	220.25	125.32	127.59	65.852
1548	1	219.99	125.39	127.59	65.852
1549	1	219.73	125.45	127.59	65.852
1550	1	219.47	125.52	127.59	65.852
1551	1	219.22	125.58	127.59	65.852
1552	1	218.96	125.64	127.59	65.852
1553	1	218.7	125.71	127.59	65.852
1554	1	218.45	125.77	127.59	65.852
1555	1	218.19	125.84	127.59	65.852
1556	1	217.93	125.9	127.59	65.852
1557	1	217.67	125.97	127.59	65.852
1558	1	217.42	126.03	127.59	65.852
1559	1	217.16	126.09	127.59	65.852
1560	1	216.9	126.16	127.59	65.852
1561	1	216.64	126.22	127.59	65.852
1562	1	216.39	126.29	127.59	65.852
1563	1	216.13	126.35	127.59	65.852
1564	1	215.87	126.42	127.59	65.852
1565	1	215.62	126.48	127.59	65.852
1566	1	215.36	126.55	127.59	65.852
1567	1	215.1	126.61	127.59	65.852
1568	1	214.84	126.67	127.59	65.852
1569	1	214.59	126.74	127.59	65.852
1570	1	214.33	126.8	127.59	65.852
1571	1	214.07	126.87	127.59	65.852
1572	1	213.82	126.93	127.59	65.852
1573	1	213.56	127	127.59	65.852
1574	1	213.3	127.06	127.59	65.852
1575	1	212.42	126.47	127.59	65.852
1576	1	211.54	125.88	127.59	65.852
1577	1	210.65	125.3	127.59	65.852
1578	1	209.77	124.71	127.59	65.852
1579	1	208.89	124.12	127.59	65.852
1580	1	208.01	123.53	127.59	65.852
1581	1	207.13	122.94	127.59	65.852
1582	1	207.13	122.94	127.07	65.466
1583	1	207.13	122.94	126.56	65.08
1584	1	207.13	122.94	126.05	64.695
1585	1	207.13	122.94	125.53	64.309
1586	1	207.13	122.94	125.02	63.923
1587	1	207.13	122.94	124.5	63.537
1588	1	207.13	122.94	123.99	63.151
1589	1	207.13	122.94	123.47	62.765
1590	1	207.13	122.94	122.96	62.379
1591	1	207.13	122.94	122.44	61.994
1592	1	207.13	122.94	121.93	61.608
1593	1	207.13	122.94	121.41	61.222
1594	1	207.13	122.94	120.9	60.836
1595	1	207.13	122.94	120.39	60.45
1596	1	207.13	122.94	119.87	60.064
1597	1	207.13	122.94	119.36	59.678
1598	1	207.13	122.94	118.84	59.293
1599	1	207.13	122.94	118.33	58.907
1600	1	207.13	122.94	117.81	58.521
1601	1	207.13	122.94	117.3	58.135
1602	1	207.13	122.94	116.78	57.749
1603	1	207.13	122.94	116.27	57.363
1604	1	207.13	122.94	115.76	56.977
1605	1	207.13	122.94	115.24	56.592
1606	1	207.13	122.94	114.73	56.206
1607	1	207.13	122.94	114.21	55.82
1608	1	207.13	122.94	113.7	55.434
1609	1	207.13	122.94	113.18	55.048
1610	1	207.13	122.94	112.67	54.662
1611	1	207.13	122.94	112.15	54.277
1612	1	207.13	122.94	111.64	53.891
1613	1	207.13	122.94	111.13	53.505
1614	1	204.84	122.49	111.13	54.648
1615	1	202.55	122.03	111.13	55.791
1616	1	200.27	121.57	111.13	56.935
1617	1	197.98	121.11	111.13	58.078
1618	1	195.69	120.66	111.13	59.221
1619	1	193.41	120.2	111.13	60.364
1620	1	191.12	119.74	111.13	61.508
1621	1	188.83	119.29	111.13	62.651
1622	1	186.55	118.83	111.13	63.794
1623	1	183.35	118.6	111.13	63.794
1624	1	180.15	118.37	111.13	63.794
1625	1	176.94	118.14	111.13	63.794
1626	1	173.74	117.91	111.13	63.794
1627	1	170.54	117.68	111.13	63.794
1628	1	167.34	117.46	111.13	63.794
1629	1	164.14	117.23	111.13	63.794
1630	1	160.94	117	111.13	63.794
1631	1	157.74	116.77	111.13	63.794
1632	1	155.42	117.28	111.13	62.765
1633	1	153.11	117.8	111.13	61.736
1634	1	150.79	118.31	111.13	60.707
1635	1	148.48	118.83	111.13	59.678
1636	1	146.16	119.34	111.13	58.65
1637	1	143.85	119.86	111.13	57.621
1638	1	141.53	120.37	111.13	56.592
1639	1	139.22	120.89	111.13	55.563
1640	1	137.16	120.66	111.13	55.563
1641	1	135.1	120.43	111.13	55.563
1642	1	133.04	120.2	111.13	55.563
1643	1	130.99	119.97	111.13	55.563
1644	1	128.93	119.74	111.13	55.563
1645	1	126.87	119.51	111.13	55.563
1646	1	124.81	119.29	111.13	55.563
1647	1	122.75	119.06	111.13	55.563
1648	1	120.7	118.83	111.13	55.563
1649	1	119.41	118.83	111.13	55.563
1650	1	118.12	118.83	111.13	55.563
1651	1	116.84	118.83	111.13	55.563
1652	1	115.55	118.83	111.13	55.563
1653	1	114.27	118.83	111.13	55.563
1654	1	112.98	118.83	111.13	55.563
1655	1	111.69	118.83	111.13	55.563
1656	1	110.41	118.83	111.13	55.563
